dPort|   Records|
 2725|        17|
60823|         1|
 6969|        15|
24800|        16|
  711|        17|
34972|         1|
39518|         1|
 8099|        14|
 1296|        17|
 1032|        14|
42510|        12|
55690|         1|
  524|        15|
34968|         1|
   13|        16|
 2008|        17|
 1998|        13|
 5904|        12|
 1009|        14|
 1094|        15|
  301|        12|
  616|        19|
34974|         1|
15742|        17|
 4111|        12|
 1583|        15|
 4242|        12|
 1000|        13|
43944|         1|
10616|        15|
 5988|        16|
  555|        14|
 4899|        17|
 1311|        12|
 3880|        15|
 1524|        12|
41106|         1|
 6510|        16|
49163|        13|
  545|        14|
 2010|        12|
34973|         1|
 9878|        14|
   21|        15|
 5907|        13|
 1259|        15|
32768|        12|
 2222|        12|
  541|        17|
  199|        13|
 7676|        15|
 1100|        13|
 9594|        14|
20031|        15|
 5050|        13|
 8192|        16|
 5500|        12|
 8021|        13|
54307|         1|
49162|         1|
 1864|        14|
 8181|        18|
 1106|        12|
 9002|        17|
  340|        14|
 5221|        19|
 5952|        13|
 4125|        13|
34988|         1|
19801|        16|
    0|         5|
 1027|        13|
 2875|        16|
  995|        13|
 4224|        14|
27000|        16|
49158|        13|
 2190|        14|
 3306|        14|
 1062|        13|
 3369|        14|
 6689|        14|
 8100|        15|
 5963|        13|
51670|         1|
49016|         2|
56868|         1|
  705|        16|
 1043|        16|
 7921|        13|
 5001|        13|
 5550|        15|
 4126|        12|
27715|        12|
 9102|        12|
 3945|        15|
 1718|        18|
 2602|        15|
 9207|        16|
   43|        16|
   24|        12|
 2020|        13|
 8089|        15|
 1999|        15|
 1110|        18|
34955|         1|
 1149|        15|
34994|         1|
 3017|        14|
34949|         1|
 1067|        14|
  617|        13|
 3333|        14|
32785|        15|
23502|        17|
 3689|        12|
 4900|        15|
 5900|        13|
 3006|        15|
36867|       211|
 1141|        13|
 6006|        15|
 2717|        13|
 1594|        12|
 5862|        13|
64680|        13|
 2401|        18|
 5051|        18|
 1199|        15|
39680|         1|
 2126|        14|
34967|         1|
 9081|        13|
44176|        16|
 1443|        17|
 1111|        15|
    6|        14|
34947|         1|
 4998|        18|
 4444|        12|
 6788|        16|
 9535|        16|
34948|         1|
17877|        16|
 4006|        12|
10002|        12|
  993|        14|
 2381|        12|
   22|        16|
 9666|        12|
34572|        14|
 1056|        14|
 3128|        20|
  417|        15|
 5903|        16|
 2605|        12|
34976|         1|
 1029|        15|
 1113|        14|
 1805|        17|
   32|        15|
57867|         1|
39358|         1|
 4550|        14|
32769|        16|
 1801|        14|
 3013|        16|
  445|        76|
 1174|        14|
 2100|        16|
65389|        14|
 5998|        14|
 3322|        16|
  646|        17|
34977|         1|
 3389|        12|
19780|        14|
 6547|        12|
49155|        13|
34946|         1|
 9220|        14|
 8002|        13|
 8654|        17|
 2604|        12|
  981|        13|
 7002|        14|
34942|         1|
32774|        14|
 1023|        12|
 1145|        12|
 6668|        12|
 9290|        15|
 1783|        12|
 9050|        19|
55898|         1|
 1054|        17|
49165|        16|
 1119|        18|
 5877|        15|
 1048|        17|
 3828|        17|
  125|        13|
 3077|        16|
10001|        16|
 9418|        17|
 6025|        12|
 4445|        13|
 1072|        17|
22692|         1|
  547|         3|
 1097|        12|
 1063|        16|
 3517|        13|
20000|        16|
 4321|        14|
 3168|        16|
 1700|        16|
 3801|        15|
32940|         1|
 5822|        12|
 1070|        13|
16016|        13|
20222|        15|
16113|        12|
 1055|        14|
34986|         1|
50001|        15|
 9009|        13|
34980|         1|
 7200|        15|
  513|        12|
16001|        12|
 3827|        16|
 3011|        17|
  544|        16|
 5355|        20|
 5100|        12|
15003|        13|
 9593|        14|
34742|         1|
 9040|        17|
30951|        13|
36868|         7|
 3800|        16|
10629|        16|
   79|        17|
34945|         1|
 5054|        13|
 9575|        12|
 2005|        13|
 1185|        14|
49314|         1|
39556|         1|
10025|        17|
 5999|        17|
37134|         1|
 2500|        15|
 2811|        15|
 5432|        12|
 8701|        12|
 6646|        13|
 2099|        16|
 1039|        14|
49400|        17|
  992|        13|
 5802|        16|
 9071|        15|
  843|        12|
42405|         1|
 5060|        14|
 6001|        14|
60855|         1|
 5987|        14|
 5850|        15|
 1037|        12|
 7019|        12|
49999|        14|
20828|        15|
 5190|        15|
 1068|        14|
 5222|        12|
50410|         1|
49211|         1|
54733|         1|
 3371|        13|
51493|        16|
27355|        12|
  254|        14|
 5911|        14|
 1030|        14|
 2323|        15|
 2105|        14|
 8193|        12|
 2034|        14|
   90|        13|
27353|        14|
39666|         1|
55888|         1|
 3766|        16|
39638|         1|
  911|        15|
 6004|        15|
 9968|        15|
44443|        13|
49157|        16|
 2021|        13|
 8888|        14|
 2909|        17|
 1007|        18|
 9003|        16|
   42|        13|
 3809|        14|
36608|         4|
 3659|        15|
 2968|        16|
 5915|        13|
 2106|        14|
55724|         1|
 7000|        13|
20005|        12|
 1862|        13|
 1076|        13|
   23|        12|
 5004|        14|
11111|        13|
  110|        15|
 2035|        14|
   19|        16|
 6580|        15|
34995|         1|
 9100|        14|
 4003|        12|
 5405|        13|
 2111|        13|
  668|        17|
14000|        16|
 1057|        13|
  264|        15|
 2557|        17|
 9090|        12|
   88|        13|
  625|        16|
30718|        12|
 6059|        14|
 8087|        13|
 8800|        12|
34996|         1|
 1533|        17|
 7106|        13|
 6779|        14|
 1840|        17|
 2492|        15|
53258|         1|
34944|         1|
 1641|        14|
 2103|        16|
16992|        16|
  255|        15|
11110|        15|
 5225|        16|
34981|         1|
32775|        15|
 1026|        14|
  587|        15|
 2030|        17|
 8291|        15|
  137|         4|
 9917|        13|
39494|         1|
 7778|        13|
39526|         1|
 1461|        15|
31038|        13|
 8443|        12|
 1132|        16|
 4567|        15|
 1309|        12|
50002|        13|
50636|        16|
10009|        12|
 1077|        13|
10566|        17|
 2383|        15|
 5910|        13|
    3|        15|
 5102|        14|
 1042|        15|
 1521|        17|
32778|        12|
58820|         1|
32776|        12|
 1075|        12|
12265|        14|
 5431|        16|
 3998|        17|
 1138|        15|
34984|         1|
10024|        12|
49452|         1|
 1047|        15|
32777|        13|
32779|        13|
 9943|        15|
 2048|        15|
34985|         1|
 9500|        12|
  427|        12|
16000|        13|
 1108|        14|
  990|        17|
 3005|        15|
 1107|        13|
 2638|        17|
34971|         1|
55055|        17|
39624|         1|
  139|        14|
 9415|        14|
 2394|        13|
 1163|        15|
 3871|        13|
 5101|        14|
 9080|        13|
 1328|        18|
34979|         1|
 2144|        14|
   53|        23|
 1900|        28|
 2161|        12|
 2003|        13|
 4443|        12|
 1434|        18|
38292|        13|
13782|        18|
 3878|        14|
 3814|        15|
 1148|        12|
34941|         2|
 9011|        12|
 4005|        13|
 1717|        14|
  280|        13|
  497|        14|
 1352|        16|
 1073|        18|
 1093|        12|
 8082|        12|
 2366|        16|
 8083|        14|
 5906|        13|
56737|        16|
  161|        12|
   84|        18|
 1947|        14|
19315|        12|
   70|        13|
 5730|        17|
 1099|        12|
 3905|        13|
 4446|        13|
 1089|        16|
 2920|        14|
 2042|        13|
  714|        15|
34966|         1|
  687|        13|
   83|        13|
 1058|        14|
 2170|        13|
61900|        15|
 3003|        15|
19101|        12|
47331|         1|
22401|         1|
50500|        13|
 5631|        16|
  902|        17|
39584|         1|
 6007|        12|
31337|        17|
 1169|        16|
55555|        17|
 1244|        15|
 2007|        12|
  777|        16|
34048|         1|
 4662|        13|
  406|        13|
 4001|        16|
 1079|        15|
 2002|        17|
 3000|        17|
 8045|        13|
 1433|        14|
25735|        13|
60443|        13|
  720|        12|
 2910|        12|
34960|         1|
  163|        17|
 1121|        14|
  667|        12|
49161|        14|
16018|        12|
 2301|        13|
 8222|        16|
 5030|        17|
48434|         1|
50389|        12|
 2033|        13|
59927|         1|
  666|        13|
 3737|        14|
 2701|        14|
 5566|        13|
 6002|        15|
 8290|        12|
16080|        13|
  416|        15|
 6123|        12|
61532|        14|
 1974|        14|
  808|        14|
 2006|        14|
 2160|        13|
39462|         1|
 3260|        16|
 1186|        13|
 8194|        12|
 8402|        15|
 8080|        13|
33354|        12|
  138|         3|
 2522|        14|
 2107|        17|
 8009|        15|
 1217|        13|
35001|         1|
39492|         1|
 6566|        13|
34969|         1|
  443|        16|
34962|         1|
 5902|        14|
 3580|        15|
 5678|        12|
   20|        12|
 1723|        14|
 8254|        14|
 2967|        12|
 1090|        13|
 8086|        17|
 2525|        12|
 1046|        13|
 1300|        15|
39594|         1|
32783|        16|
 1114|        14|
 2038|        13|
  903|        18|
  783|        14|
 8600|        16|
 8001|        16|
 1972|        13|
 1074|        15|
 5989|        17|
39552|         1|
52848|        13|
  987|        13|
 1130|        12|
 5901|        14|
 5003|        14|
 8011|        12|
 1271|        12|
39490|         1|
 2179|        14|
 4449|        13|
 6667|        15|
45566|         1|
50006|        13|
   89|        14|
 9485|        13|
    4|        13|
13456|        14|
39596|         1|
 2601|        13|
 1088|        12|
34978|         1|
34952|         1|
 5120|        18|
14442|        18|
50000|        13|
 9877|        12|
50003|        17|
15002|        13|
 3851|        17|
 1126|        13|
 3268|        20|
34997|         1|
54045|        15|
 1035|        19|
34950|         1|
 3971|        13|
48352|         1|
49152|        15|
22855|         1|
30000|        14|
 1011|        15|
  256|        12|
 9595|        13|
 1301|        13|
  382|         1|
57797|        14|
 5298|        16|
 8383|        12|
 1001|        14|
  912|        17|
36572|         1|
19842|        15|
44501|        12|
54328|        16|
 8200|        17|
 6669|        14|
 2288|        14|
 1040|        13|
 8031|        16|
 5087|        16|
52673|        17|
35003|         1|
 2200|        20|
 1500|        15|
 7004|        15|
 1687|        17|
49167|        15|
10082|        15|
 2135|        14|
14441|        14|
 1719|        15|
 1031|        12|
 7007|        15|
   33|        16|
   81|        15|
 1122|        17|
 1091|        13|
34965|         1|
 2047|        12|
48600|         1|
  515|        15|
 2718|        12|
13783|        13|
63331|        14|
  683|        16|
34963|         1|
 1053|        14|
 2869|        16|
  113|        13|
  211|        14|
 5960|        15|
53224|         1|
   67|         7|
 6567|        16|
 3030|        12|
34931|       815|
36865|       511|
15000|        12|
42932|         1|
 1213|        12|
 2119|        14|
10010|        13|
  146|        12|
 2382|        15|
49175|        15|
 9502|        19|
 1198|        15|
45100|        15|
 5666|        16|
47680|         1|
 1455|        12|
52869|        14|
46364|         1|
 2043|        17|
  109|        12|
50528|         1|
13722|        14|
65000|        14|
 4279|        13|
 9998|        13|
35002|         1|
 9010|        13|
 2046|        13|
 7937|        13|
 2045|        16|
 6666|        12|
 1021|        15|
  106|        14|
56446|         1|
34954|         1|
49330|         1|
 8008|        13|
 3221|        15|
 7070|        13|
10628|        15|
64623|        12|
 5080|        14|
 8180|        14|
  749|        13|
 4343|        19|
 1038|        14|
  123|        35|
 1272|        14|
 8333|        13|
 1248|        16|
48608|         1|
 3372|        16|
 2191|        16|
 9000|        14|
 1104|        12|
  648|        13|
 1064|        14|
 2001|        14|
12345|        18|
 6901|        16|
 7512|        15|
 1755|        14|
  636|        13|
32770|        13|
50300|        13|
 1721|        13|
52822|        13|
32780|        16|
 9200|        12|
 1720|        13|
 8007|        12|
 9110|        13|
 6699|        12|
35500|        16|
34964|         1|
 1503|        15|
 1839|        16|
 1123|        17|
 1154|        14|
10012|        14|
 1863|        12|
 6005|        14|
 5510|        14|
 6346|        15|
  722|        14|
 3546|        13|
39538|         1|
57294|        19|
 1065|        14|
 7777|        14|
 5033|        17|
 1059|        13|
 1028|        14|
 1494|        15|
34975|         1|
10000|        15|
39554|         1|
 1984|        14|
 3052|        12|
39580|         1|
39566|         1|
 1025|        14|
 2000|        12|
 9001|        15|
 1187|        16|
 3325|        16|
 5002|        13|
  458|        12|
34999|         1|
  425|        12|
 9876|        15|
 5815|        14|
 1066|        16|
  700|        13|
 2251|        17|
    9|        13|
33899|        16|
 8000|        12|
 1287|        17|
 5962|        14|
 8899|        18|
 8873|        13|
32782|        12|
    7|        12|
 5009|        16|
 3351|        15|
34961|         1|
 3261|        13|
10626|        15|
 1081|        14|
34987|         1|
 1192|        15|
33915|         1|
32771|        16|
 6543|        17|
 1914|        14|
 3031|        15|
 5440|        12|
 1165|        14|
 5544|        13|
  880|        14|
12000|        12|
 7496|        12|
   68|         6|
 9111|        16|
 5226|        12|
 8994|        17|
 1137|        15|
 7103|        16|
  311|        13|
  407|        16|
 5357|        17|
48336|         1|
  111|        14|
 5961|        12|
 2041|        13|
 1087|        16|
 5061|        12|
 1069|        12|
 8649|        12|
 1556|        14|
 2022|        15|
39610|         1|
 2040|        15|
 7443|        14|
34571|        13|
  100|        14|
10004|        12|
34992|         1|
 1175|        17|
41511|        16|
36866|       538|
49176|        18|
 9091|        13|
17500|         1|
 1501|        12|
 9103|        13|
 4004|        13|
 5560|        17|
 3914|        12|
  787|        15|
34834|         1|
  888|        12|
 3323|        17|
 5801|        18|
 3690|        16|
    1|        12|
 6502|        13|
 6000|        17|
 1580|        13|
 5679|        16|
50370|         1|
10243|        12|
 2049|        16|
 3007|        15|
  900|        13|
   30|        16|
 1045|        17|
34991|         1|
 8500|        15|
 5633|        13|
 1417|        13|
 5922|        13|
 1124|        13|
 9898|        19|
  901|        15|
   26|        14|
  259|        14|
  765|        13|
49156|        14|
 8081|        14|
  500|        14|
10215|        15|
 1049|        15|
 1277|        16|
60020|        16|
 5414|        13|
 1658|        16|
 1334|        13|
55056|        16|
12174|        15|
34998|         1|
19350|        14|
  801|        16|
60017|         1|
  726|        14|
34560|         1|
10621|        17|
  563|        12|
  548|        16|
  554|        14|
25734|        15|
34990|         1|
34993|         1|
 8022|        16|
35052|         1|
14238|        12|
58080|        14|
 7627|        17|
  800|        16|
 2607|        15|
 3869|        13|
   25|        14|
 8292|        13|
 1080|        16|
 1052|        13|
 9900|        13|
 1086|        12|
 7025|        16|
 2065|        16|
 2702|        15|
 5811|        16|
40097|         1|
39652|         1|
 8085|        13|
 5810|        15|
  481|        14|
 1166|        13|
 8090|        18|
35012|         1|
44442|        16|
 3390|        17|
49159|        14|
  212|        13|
 6112|        15|
 3324|        16|
 7938|        13|
 6129|        13|
39514|         1|
 1875|        12|
40911|        14|
 4129|        15|
 3370|        14|
19283|        17|
 2004|        15|
 3703|        15|
34957|         1|
   99|        14|
 9618|        18|
 6009|        16|
 1044|        17|
 1688|        15|
 1600|        16|
 7100|        15|
33078|         1|
 1152|        12|
 1036|        12|
 2196|        15|
 1050|        14|
 3527|        16|
  464|        15|
18101|        17|
 1971|        13|
 6565|        15|
 1666|        13|
20221|        12|
 1083|        13|
 7435|        16|
39614|         1|
 8084|        15|
 9999|        14|
  144|        17|
56738|        13|
 1051|        14|
 1092|        16|
22939|        12|
10778|        18|
 2013|        12|
35646|         1|
 2399|        14|
 8010|        15|
  631|        14|
 4848|        13|
 1041|        12|
 6881|        15|
34959|         1|
34956|         1|
34989|         1|
34951|         1|
 3001|        12|
 2710|        13|
34573|        14|
62078|        14|
 9944|        13|
 5200|        12|
 3826|        13|
  366|        15|
 3995|        15|
27356|        17|
65129|        14|
55938|         1|
40193|        17|
 8042|        16|
   37|        16|
48392|         1|
 6101|        14|
34930|      3005|
 6839|        12|
 8652|        12|
10180|        19|
 8088|        14|
 1112|        14|
 2068|        13|
 1034|        15|
 8651|        14|
32784|        14|
 1761|        12|
16012|        13|
 3986|        14|
 1084|        17|
10003|        12|
 5269|        13|
32781|        15|
34983|         1|
 5825|        14|
32772|        12|
   80|        47|
15004|        14|
  465|        13|
 5718|        16|
 3269|        17|
 6692|        16|
   85|        13|
 8300|        15|
  873|        13|
 5000|        15|
16993|        16|
 1164|        15|
34982|         1|
 7001|        17|
34970|         1|
  389|        16|
 7201|        15|
51103|        15|
18040|        12|
 6789|        17|
 2998|        12|
 1071|        17|
 5214|        15|
34943|         1|
 3918|        15|
 3211|        17|
 2009|        14|
 3476|        17|
 2260|        15|
 1010|        14|
 1102|        15|
 3301|        16|
 1060|        17|
 2800|        17|
 1234|        17|
 1236|        17|
 1117|        17|
  514|        17|
 9929|        17|
 5353|         7|
 1061|        13|
 2608|        16|
39546|         1|
32773|        19|
 3367|        19|
 5555|        14|
 5859|        16|
 7911|        17|
21571|        12|
15660|        13|
 6106|        13|
 4002|        16|
 7741|        14|
 1201|        16|
 1322|        17|
24444|        13|
 1131|        16|
39496|         1|
  143|        14|
 2809|        17|
27352|        17|
 5280|        13|
  691|        12|
 1002|        16|
 5800|        14|
 1310|        12|
 1147|        12|
  306|        15|
  135|        18|
  444|        12|
 3493|        16|
 1216|        16|
39516|         1|
49154|        15|
 2393|        16|
 1935|        12|
39682|         1|
 3071|        13|
34958|         1|
 1078|        14|
49153|        13|
 1105|        18|
 1183|        13|
  543|        16|
 3283|        16|
  119|        14|
 9503|        15|
  179|        14|
  898|        14|
 7402|        14|
 1024|        12|
 1085|        15|
 3404|        14|
 1082|        16|
  999|        12|
10617|        15|
34953|         1|
18988|        14|
 1782|        15|
50083|         1|
   17|        13|
 3784|        12|
 2121|        12|
39644|         1|
 6156|        12|
 3551|        15|
 3920|        14|
 1098|        14|
 7800|        12|
 6792|        14|
  222|        12|
 1233|        18|
34932|        20|
35000|         1|
50800|        12|
 8093|        16|
  512|        14|
 1095|        13|
 9101|        15|
26214|        14|
55600|        14|
48198|         1|
 7625|        13|
 6389|        16|
55664|         1|
 4045|        14|
 5925|        19|
 8400|        15|
 3889|        14|
17988|        13|
 7999|        13|
 1022|        16|
11967|        15|
   82|        17|
 1218|        13|
 1151|        13|
 5950|        14|
 4000|        16|
 5959|        13|
 7920|        18|
  593|        12|
 6100|        17|
48080|        14|
 3300|        16|
 9099|        14|
 1096|        12|
   49|        13|
 1247|        13|
28201|        16|
 1033|        12|
 1812|        12|
 6003|        12|
49160|        13|
