sPort|   Records|
 2725|         7|
60823|         1|
 6969|         5|
24800|         7|
  711|         6|
34972|         1|
39518|         1|
 8099|         4|
 1296|         6|
 1032|         4|
42510|         4|
55690|         1|
  524|         5|
34968|         1|
   13|         5|
 2008|         6|
 1998|         5|
60839|         1|
 5904|         4|
 1009|         4|
 1094|         5|
  301|         4|
  616|         8|
34974|         1|
15742|         6|
52426|         1|
 4111|         4|
 1583|         6|
 4242|         4|
 1000|         5|
43944|         1|
10616|         5|
 5988|         6|
  555|         4|
 4899|         6|
 1311|         4|
 3880|         5|
 1524|         4|
41106|         1|
 6510|         6|
49163|         5|
  545|         4|
 2010|         4|
34973|         1|
 9878|         4|
   21|         7|
 5907|         5|
 1259|         5|
32768|         4|
 2222|         4|
  541|         6|
  199|         5|
 7676|         5|
 1100|         5|
 9594|         6|
20031|         5|
 5050|         5|
 8192|         6|
 5500|         4|
 8021|         5|
54307|         1|
49162|         1|
 1864|         5|
 8181|         7|
 1106|         4|
 9002|         6|
  340|         4|
 5221|         7|
 5952|         5|
 4125|         5|
34988|         1|
19801|         5|
    0|        14|
 1027|         5|
 2875|         5|
  995|         5|
 4224|         4|
27000|         5|
49158|         5|
 2190|         4|
 3306|         6|
 1062|         5|
 3369|         4|
 6689|         4|
 8100|         5|
 5963|         5|
51670|         1|
49016|         2|
56868|         1|
  705|         5|
 1043|         5|
 7921|         5|
 5001|         5|
 5550|         5|
 4126|         4|
27715|         4|
 9102|         4|
 3945|         6|
 1718|         7|
 2602|         6|
 9207|         5|
   43|         5|
   24|         4|
 2020|         5|
 8089|         5|
 1999|         5|
 1110|         7|
34955|         1|
 1149|         5|
34994|         1|
 3017|         4|
34949|         1|
 1067|         6|
  617|         5|
 3333|         4|
32785|         7|
57518|         2|
23502|         6|
 3689|         4|
 4900|         5|
 5900|         5|
 3006|         5|
36867|       422|
 1141|         5|
 6006|         5|
 2717|         5|
 1594|         4|
 5862|         5|
64680|         5|
 2401|         7|
 5051|         7|
 1199|         6|
39680|         1|
 2126|         6|
34967|         1|
 9081|         5|
44176|         5|
 1443|         6|
 1111|         5|
    6|         6|
65147|         1|
34947|         1|
 4998|         8|
 4444|         4|
 6788|         5|
 9535|         5|
34948|         1|
17877|         5|
 4006|         4|
10002|         4|
  993|         6|
 2381|         4|
   22|         9|
 9666|         4|
34572|         4|
 1056|         4|
 3128|        13|
  417|         5|
 5903|         5|
 2605|         4|
34976|         1|
 1029|         7|
 1113|         4|
 1805|         6|
   32|         5|
57867|         1|
39358|         1|
 4550|         6|
32769|         5|
 1801|         6|
 3013|         5|
  445|        71|
 1174|         6|
 2100|         5|
65389|         4|
 5998|         6|
 3322|         5|
  646|         6|
34977|         1|
 3389|         4|
19780|         4|
 6547|         4|
49155|         5|
34946|         1|
 9220|         4|
 8002|         5|
 8654|         6|
 2604|         4|
  981|         5|
 7002|         6|
34942|         1|
32774|         5|
 1023|         4|
 1145|         4|
 6668|         4|
 9290|         5|
 1783|         4|
53538|         1|
 9050|         7|
55898|         1|
 1054|         6|
49165|         5|
 1119|         7|
 5877|         5|
 1048|         6|
 3828|         6|
  125|         5|
 3077|         5|
10001|         5|
 9418|         6|
 6025|         4|
 4445|         5|
 1072|         6|
 1097|         4|
 1063|         6|
 3517|         5|
20000|         5|
 4321|         4|
 3168|         5|
 1700|         5|
 3801|         5|
32940|         1|
 5822|         4|
 1070|         5|
16016|         5|
20222|         5|
16113|         4|
 1055|         4|
34986|         1|
50001|         5|
 9009|         5|
34980|         1|
 7200|         5|
  513|         4|
16001|         4|
 3827|         5|
 3011|         8|
  544|         5|
 5100|         4|
55277|         1|
15003|         5|
 9593|         5|
34742|         1|
 9040|         6|
30951|         5|
36868|        14|
 3800|         6|
10629|         6|
   79|         6|
34945|         1|
 5054|         5|
 9575|         4|
 2005|         5|
 1185|         4|
49314|         1|
39556|         1|
10025|         6|
 5999|         6|
37134|         1|
 2500|         6|
 2811|         5|
 5432|         4|
 8701|         4|
 6646|         5|
 2099|         5|
 1039|         4|
49400|         6|
  992|         5|
 5802|         5|
 9071|         5|
  843|         4|
42405|         1|
 5060|         6|
 6001|         4|
60855|         1|
 5987|         4|
 5850|         5|
 1037|         4|
 7019|         4|
49999|         6|
20828|         5|
 5190|         5|
 1068|         6|
 5222|         4|
50410|         1|
49211|         1|
54733|         1|
 3371|         5|
51493|         6|
27355|         4|
  254|         4|
 5911|         6|
 1030|         4|
 2323|         5|
 2105|         6|
 8193|         4|
 2034|         6|
62368|         1|
   90|         5|
27353|         6|
39666|         1|
55888|         1|
 3766|         5|
39638|         1|
  911|         5|
 6004|         5|
 9968|         5|
44443|         5|
49157|         5|
 2021|         5|
 8888|         6|
 2909|         8|
 1007|         7|
 9003|         5|
   42|         5|
 3809|         6|
 3659|         5|
 2968|         6|
 5915|         5|
63298|         1|
 2106|         4|
55724|         1|
 7000|         5|
20005|         4|
 1862|         5|
 1076|         5|
   23|         4|
 5004|         6|
11111|         5|
  110|         7|
 2035|         5|
   19|         6|
 6580|         6|
34995|         1|
 9100|         6|
 4003|         4|
 5405|         5|
 2111|         5|
  668|         6|
14000|         6|
 1057|         5|
  264|         5|
 2557|         6|
 9090|         4|
   88|         5|
  625|         5|
30718|         4|
 6059|         4|
 8087|         5|
 8800|         4|
34996|         1|
 1533|         7|
 7106|         5|
 6779|         4|
 1840|         6|
 2492|         6|
53258|         1|
34944|         1|
 1641|         5|
 2103|         7|
16992|         5|
  255|         5|
11110|         5|
 5225|         5|
34981|         1|
32775|         5|
 1026|         6|
  587|         7|
 2030|         7|
 8291|         6|
  137|         4|
 9917|         5|
39494|         1|
 7778|         5|
39526|         1|
 1461|         5|
31038|         5|
 8443|         4|
 1132|         7|
 4567|         5|
 1309|         4|
50002|         5|
50636|         5|
10009|         4|
 1077|         5|
10566|         6|
 2383|         5|
 5910|         5|
    3|         6|
 5102|         5|
 1042|         6|
 1521|         6|
32778|         4|
58820|         1|
32776|         4|
 1075|         4|
12265|         4|
 5431|         6|
 3998|         6|
 1138|         5|
34984|         1|
10024|         4|
49452|         1|
 1047|         5|
32777|         5|
32779|         5|
 9943|         5|
 2048|         4|
34985|         1|
 9500|         4|
  427|         4|
16000|         5|
 1108|         4|
  990|         7|
 3005|         5|
 1107|         5|
 2638|         6|
44162|         1|
34971|         1|
55055|         6|
39624|         1|
  139|         9|
 9415|         6|
 2394|         5|
 1163|         5|
 3871|         5|
 5101|         4|
 9080|         5|
 1328|         7|
34979|         1|
 2144|         6|
   53|        14|
 1900|         5|
 2161|         4|
 2003|         5|
 4443|         4|
 1434|         7|
38292|         5|
13782|         7|
 3878|         5|
 3814|         7|
 1148|         4|
34941|         2|
 9011|         4|
 4005|         5|
 1717|         6|
  280|         5|
  497|         4|
 1352|         5|
 1073|         7|
 1093|         4|
61932|         1|
 8082|         4|
 2366|         5|
 8083|         4|
 5906|         5|
56737|         5|
  161|         4|
   84|         7|
 1947|         6|
19315|         4|
   70|         5|
 5730|         6|
 1099|         4|
 3905|         5|
 4446|         5|
 1089|         6|
 2920|         6|
 2042|         5|
  714|         5|
34966|         1|
  687|         5|
   83|         5|
 1058|         4|
 2170|         5|
61900|         6|
 3003|         5|
19101|         4|
47331|         1|
50500|         5|
 5631|         6|
  902|         6|
39584|         1|
 6007|         4|
31337|         6|
 1169|         5|
55555|         6|
 1244|         5|
 2007|         4|
  777|         5|
 4662|         5|
  406|         5|
 4001|         5|
 1079|         5|
 2002|         6|
 3000|         7|
 8045|         5|
 1433|         6|
25735|         5|
60443|         5|
  720|         4|
 2910|         4|
34960|         1|
  163|         6|
 1121|         4|
  667|         4|
49161|         6|
16018|         4|
 2301|         5|
 8222|         5|
 5030|         6|
48434|         1|
50389|         4|
 2033|         5|
59927|         1|
  666|         5|
 3737|         4|
 2701|         6|
 5566|         5|
 6002|         5|
 8290|         4|
16080|         5|
  416|         5|
 6123|         4|
61532|         6|
 1974|         6|
  808|         6|
 2006|         4|
 2160|         5|
39462|         1|
 3260|         6|
 1186|         5|
 8194|         4|
 8402|         5|
 8080|         5|
33354|         4|
  138|         3|
 2522|         4|
 2107|         8|
 8009|         6|
59741|         3|
 1217|         5|
35001|         1|
39492|         1|
 6566|         5|
34969|         1|
  443|         6|
34962|         1|
 5902|         4|
 3580|         5|
 5678|         4|
   20|         4|
 1723|         6|
 8254|         5|
 2967|         4|
 1090|         5|
 8086|         7|
 2525|         4|
 1046|         5|
 1300|         5|
39594|         1|
32783|         5|
 1114|         6|
 2038|         5|
  903|         7|
  783|         4|
 8600|         6|
 8001|         5|
 1972|         5|
 1074|         5|
 5989|         6|
39552|         1|
52848|         5|
51474|         1|
  987|         5|
 1130|         4|
 5901|         4|
 5003|         4|
 8011|         4|
 1271|         4|
39490|         1|
 2179|         6|
 4449|         5|
 6667|         5|
45566|         1|
50006|         5|
   89|         4|
 9485|         5|
    4|         5|
13456|         4|
39596|         1|
 2601|         5|
 1088|         4|
34978|         1|
34952|         1|
 5120|         6|
51573|         1|
14442|         7|
50000|         5|
 9877|         4|
50003|         6|
15002|         5|
 3851|         6|
 1126|         5|
 3268|         8|
34997|         1|
54045|         5|
 1035|         8|
34950|         1|
 3971|         5|
48352|         1|
49152|         5|
30000|         4|
 1011|         5|
  256|         4|
 9595|         5|
 1301|         5|
  382|         1|
57797|         4|
 5298|         5|
 8383|         4|
 1001|         5|
  912|         7|
36572|         1|
19842|         5|
44501|         4|
54328|         5|
 8200|         6|
57892|         1|
 6669|         4|
 2288|         4|
 1040|         5|
 8031|         6|
 5087|         6|
52673|         6|
35003|         1|
 2200|         9|
 1500|         5|
 7004|         5|
 1687|         6|
49167|         5|
10082|         5|
 2135|         6|
14441|         4|
 1719|         5|
 1031|         4|
 7007|         6|
   33|         6|
   81|         5|
 1122|         6|
 1091|         5|
34965|         1|
 2047|         4|
48600|         1|
59739|         1|
  515|         5|
 2718|         4|
13783|         5|
63331|         6|
  683|         5|
34963|         1|
 1053|         4|
 2869|         5|
  113|         5|
  211|         4|
 5960|         5|
53224|         1|
   67|         6|
 6567|         5|
 3030|         4|
34931|      3810|
36865|      2000|
15000|         4|
42932|         1|
 1213|         4|
 2119|         4|
10010|         5|
  146|         4|
 2382|         5|
49175|         5|
 9502|         8|
 1198|         5|
45100|         7|
 5666|         5|
47680|         1|
 1455|         4|
52869|         4|
46364|         1|
 2043|         6|
54269|         1|
  109|         4|
50528|         1|
13722|         4|
65000|         4|
63157|         1|
 4279|         5|
 9998|         5|
35002|         1|
 9010|         5|
 2046|         5|
 7937|         5|
 2045|         5|
 6666|         4|
 1021|         5|
  106|         6|
56446|         1|
34954|         1|
49330|         1|
 8008|         5|
 3221|         5|
 7070|         5|
10628|         5|
64623|         4|
 5080|         4|
 8180|         5|
  749|         5|
 4343|         8|
 1038|         4|
  123|        35|
 1272|         5|
 8333|         5|
 1248|         5|
48608|         1|
 3372|         5|
 2191|         5|
 9000|         4|
 1104|         4|
  648|         5|
 1064|         6|
 2001|         4|
12345|         7|
 6901|         6|
 7512|         5|
 1755|         4|
  636|         5|
32770|         5|
50300|         5|
 1721|         5|
52822|         5|
32780|         5|
 9200|         4|
 1720|         5|
 8007|         4|
 9110|         5|
 6699|         4|
35500|         5|
34964|         1|
 1503|         5|
 1839|         5|
 1123|         6|
 1154|         4|
10012|         6|
 1863|         4|
 6005|         4|
 5510|         6|
 6346|         5|
  722|         6|
 3546|         5|
39538|         1|
57294|         7|
 1065|         4|
 7777|         4|
 5033|         6|
 1059|         5|
 1028|         4|
 1494|         7|
34975|         1|
44058|         1|
10000|         6|
39554|         1|
 1984|         4|
 3052|         4|
39580|         1|
39566|         1|
 1025|         6|
 2000|         4|
 9001|         5|
 1187|         5|
 3325|         5|
 5002|         5|
  458|         4|
34999|         1|
  425|         4|
 9876|         5|
 5815|         6|
 1066|         6|
  700|         5|
 2251|         6|
    9|         5|
33899|         5|
 8000|         4|
 1287|         6|
 5962|         5|
 8899|         7|
 8873|         5|
32782|         4|
    7|         4|
 5009|         5|
 3351|         5|
34961|         1|
 3261|         5|
10626|         5|
 1081|         4|
34987|         1|
58126|         2|
 1192|         5|
33915|         1|
32771|         5|
 6543|         6|
 1914|         4|
 3031|         5|
 5440|         4|
 1165|         4|
 5544|         5|
  880|         4|
12000|         4|
 7496|         4|
   68|         7|
 9111|         6|
 5226|         4|
 8994|         6|
 1137|         5|
 7103|         5|
  311|         5|
  407|         5|
 5357|        10|
48336|         1|
  111|         6|
 5961|         4|
 2041|         5|
 1087|         5|
 5061|         4|
 1069|         4|
 8649|         4|
 1556|         4|
 2022|         7|
39610|         1|
 2040|         5|
 7443|         4|
34571|         5|
  100|         4|
10004|         4|
34992|         1|
 1175|         6|
41511|         5|
36866|      1078|
49176|         7|
 9091|         5|
17500|         1|
 1501|         4|
 9103|         5|
 4004|         5|
 5560|         6|
 3914|         4|
  787|         5|
34834|         1|
  888|         4|
 3323|         6|
 5801|         8|
 3690|         5|
    1|         4|
 6502|         5|
 6000|         6|
 1580|         5|
 5679|         5|
50370|         1|
10243|         4|
 2049|         5|
 3007|         5|
  900|         5|
   30|         5|
 1045|         7|
34991|         1|
 8500|         5|
 5633|         5|
 1417|         5|
 5922|         5|
 1124|         5|
 9898|         8|
  901|         5|
   26|         4|
  259|         4|
  765|         5|
49156|         6|
 8081|         4|
  500|         6|
10215|         5|
 1049|         5|
 1277|         6|
60020|         6|
 5414|         5|
 1658|         5|
 1334|         5|
55056|         7|
12174|         5|
34998|         1|
19350|         5|
  801|         5|
60017|         1|
  726|         4|
10621|         6|
  563|         4|
  548|         6|
  554|         6|
25734|         5|
34990|         1|
34993|         1|
 8022|         5|
35052|         1|
14238|         4|
58080|         4|
 7627|         6|
  800|         5|
 2607|         6|
 3869|         5|
   25|         6|
 8292|         5|
 1080|         6|
 1052|         5|
 9900|         5|
 1086|         4|
 7025|         5|
 2065|         7|
56402|         2|
 2702|         5|
 5811|         6|
40097|         1|
39652|         1|
 8085|         5|
 5810|         5|
  481|         6|
 1166|         5|
 8090|         6|
35012|         1|
44442|         6|
57091|         2|
 3390|         6|
49159|         6|
  212|         5|
 6112|         7|
 3324|         5|
 7938|         5|
 6129|         5|
39514|         1|
 1875|         4|
40911|         4|
 4129|         5|
 3370|         5|
19283|         6|
 2004|         7|
 3703|         6|
34957|         1|
   99|         5|
 9618|         7|
 6009|         6|
 1044|         6|
 1688|         5|
 1600|         6|
 7100|         5|
33078|         1|
 1152|         4|
 1036|         4|
 2196|         5|
 1050|         6|
 3527|         6|
  464|         6|
18101|         6|
 1971|         5|
 6565|         5|
 1666|         5|
20221|         4|
 1083|         5|
 7435|         5|
39614|         1|
 8084|         5|
 9999|         4|
  144|         6|
56738|         5|
 1051|         6|
 1092|         6|
22939|         4|
10778|         7|
 2013|         4|
35646|         1|
 2399|         4|
 8010|         7|
  631|         4|
 4848|         5|
 1041|         4|
 6881|         5|
34959|         1|
34956|         1|
34989|         1|
34951|         1|
 3001|         4|
 2710|         5|
34573|         5|
62078|         6|
 9944|         5|
 5200|         4|
 3826|         5|
  366|         6|
 3995|         7|
27356|         6|
65129|         4|
55938|         1|
40193|         6|
 8042|         5|
   37|         6|
48392|         1|
 6101|         6|
52927|         2|
34930|      6000|
 6839|         4|
55165|         1|
 8652|         4|
10180|         8|
 8088|         6|
 1112|         4|
 2068|         5|
37897|         1|
 1034|         6|
 8651|         4|
32784|         4|
 1761|         4|
16012|         5|
 3986|         4|
 1084|         6|
10003|         4|
 5269|         5|
54626|         2|
32781|         5|
34983|         1|
 5825|         4|
32772|         4|
   80|        42|
15004|         4|
  465|         5|
 5718|         6|
 3269|         6|
 6692|         5|
   85|         5|
 8300|         5|
  873|         5|
 5000|         5|
16993|         5|
 1164|         6|
34982|         1|
 7001|         6|
34970|         1|
  389|         6|
 7201|         5|
51103|         5|
18040|         4|
 6789|         6|
 2998|         4|
 1071|         6|
 5214|         5|
34943|         1|
 3918|         5|
 3211|         6|
 2009|         4|
 3476|         5|
 2260|         7|
 1010|         4|
 1102|         5|
 3301|         6|
 1060|         7|
 2800|         6|
 1234|         6|
 1236|         6|
 1117|         6|
  514|         6|
 9929|         6|
 5353|         7|
 1061|         5|
 2608|         5|
39546|         1|
32773|         7|
 3367|         8|
 5555|         4|
 5859|         6|
 7911|         6|
21571|         4|
15660|         5|
 6106|         5|
 4002|         5|
 7741|         4|
 1201|         5|
 1322|         6|
24444|         5|
 1131|         6|
39496|         1|
  143|         6|
 2809|         7|
27352|         6|
 5280|         5|
  691|         4|
 1002|         5|
 5800|         6|
 1310|         4|
 1147|         4|
  306|         5|
  135|        13|
  444|         4|
 3493|         5|
 1216|         5|
39516|         1|
49154|         5|
 2393|         5|
 1935|         4|
39682|         1|
 3071|         5|
56713|         2|
34958|         1|
 1078|         4|
49153|         5|
 1105|         7|
 1183|         5|
  543|         5|
 3283|         7|
  119|         4|
 9503|         6|
  546|         3|
  179|         6|
  898|         4|
 7402|         4|
 1024|         4|
 1085|         5|
 3404|         6|
 1082|         5|
  999|         4|
10617|         5|
34953|         1|
18988|         6|
 1782|         5|
50083|         1|
   17|         5|
 3784|         4|
 2121|         4|
39644|         1|
 6156|         4|
 3551|         5|
 3920|         4|
 1098|         4|
 7800|         4|
 6792|         6|
  222|         4|
 1233|         7|
34932|      1015|
56760|         2|
35000|         1|
50800|         4|
 8093|         5|
  512|         5|
 1095|         5|
 9101|         5|
26214|         6|
55600|         4|
48198|         1|
 7625|         5|
 6389|         7|
55664|         1|
 4045|         4|
 5925|         9|
 8400|         5|
 3889|         6|
17988|         5|
 7999|         5|
 1022|         5|
11967|         5|
   82|         6|
 1218|         5|
 1151|         5|
64062|         1|
 5950|         5|
 4000|         5|
 5959|         5|
 7920|         7|
  593|         4|
 6100|         7|
48080|         4|
 3300|         5|
 9099|         4|
 1096|         4|
   49|         5|
 1247|         5|
28201|         5|
 1033|         4|
 1812|         4|
 6003|         4|
49160|         5|
